

%LD 1 LowDrag
%Max Power

MP_M_rng = [0.25
0.4
0.6
0.773];

MP_h_rng = [0
10000
20000
30000
37500];

MP_Drag_mat = [-0.020269791	-0.032977738	-0.049043193	-0.075622081	-0.075799461
-0.012115054	-0.025440679	-0.04238021	-0.06873665	-0.069095535
-0.000910912	-0.015215946	-0.033806925	-0.059450832	-0.058569658
0.009342941	-0.006040402	-0.026788434	-0.05109564	-0.051963072];

MP_Wlb_mat = [500.7740229	513.4118324	516.636779	498.1588038	490.6621185
510.098489	522.0496235	524.8169956	505.7619363	497.8411077
528.6245619	539.1246953	540.9730404	520.3623886	523.1481693
549.7314913	558.4063843	559.2049535	537.3850555	527.4954318];

MP_Eff_mat = [0.501286796	0.511676771	0.514	0.496	0.491
0.51062081	0.520285371	0.522	0.503	0.498
0.529165853	0.537302738	0.538	0.518	0.521
0.550294395	0.556519265	0.557	0.535	0.528];

