

%LD 1 LowDrag
%Max Power

MP_M_rng = [0.25
0.4
0.6
0.773];

MP_h_rng = [0
10000
20000
30000
37500];

MP_Drag_mat = [0.326253495	0.161247697	0.113684406	0.172445496	0.28313804
0.409470064	0.178180042	0.1189751	0.17665675	0.287168111
0.764712563	0.228016165	0.132920011	0.18774003	0.298309569
2.909674748	0.337372211	0.157130469	0.206263339	0.317441873];

MP_Wlb_mat = [523.0220426	514.1106069	503.2586375	486.768284	471.1536581
527.2816079	517.9891698	507.0436042	490.2522816	474.4526631
536.1837718	525.786187	514.8076385	497.3989433	481.2198529
547.1194434	535.0486765	524.0285551	505.8866404	489.256872];

MP_Eff_mat = [0.441845165	0.43431685	0.425149186	0.411218257	0.398027136
0.445443614	0.437593431	0.428346698	0.414161512	0.400814111
0.452964096	0.444180294	0.434905697	0.420198959	0.406530983
0.462202471	0.452005176	0.442695459	0.427369303	0.413320597];

