

%LD 1 LowDrag
%Max Power

MP_M_rng = [0.25
0.4
0.6
0.773];

MP_h_rng = [0
10000
20000
30000
37500];

MP_Drag_mat = [0.051580845	0.025493344	0.017973563	0.027263722	0.04476427
0.064737428	0.028170356	0.018810024	0.027929523	0.045401426
0.120901449	0.036049473	0.021014722	0.029681795	0.047162896
0.460021073	0.05333872	0.024842408	0.03261034	0.050187723];

MP_Wlb_mat = [256.523459	249.2550576	246.6210968	243.0938309	238.644827
258.5884491	250.9020974	247.9035003	244.218015	239.964429
262.9516406	254.4022242	250.6166085	246.5137452	242.5896931
268.3377617	258.7650994	253.9983457	249.2715824	245.2581847];

MP_Eff_mat = [0.542	0.526	0.521	0.513	0.504
0.546	0.530	0.524	0.516	0.507
0.555	0.537	0.529	0.521	0.512
0.567	0.547	0.536	0.526	0.518];

