

%LD 1 LowDrag
%Max Power

MP_M_rng = [0.25
0.4
0.6
0.773];

MP_h_rng = [0
10000
20000
30000
37500];

MP_Drag_mat = [0.285704886	0.235259342	0.231592022	0.27626085	0.340898627
0.299013621	0.240194057	0.232424527	0.274869962	0.337650417
0.334093817	0.25330004	0.235800739	0.273596745	0.332779371
0.395006027	0.275269381	0.242965706	0.274854794	0.330015599];

MP_Wlb_mat = [1.170227529	1.151921831	1.12977942	1.094969472	1.062011431
1.179188427	1.159881022	1.137749117	1.102305443	1.068957878
1.197968727	1.176109042	1.154097214	1.117353588	1.083207
1.22110768	1.19550165	1.17348928	1.135225443	1.100129899]*1000;

MP_Eff_mat = [0.470	0.462	0.453	0.439	0.426
0.473	0.465	0.456	0.442	0.429
0.481	0.472	0.463	0.448	0.435
0.490	0.480	0.471	0.455	0.441];

LP_Drag_mat = [0.001506656	0.001240633	0.001221293	0.001456853	0.001797718
0.001576839	0.001266656	0.001225684	0.001449518	0.001780589
0.001761833	0.00133577	0.001243488	0.001442804	0.001754902
0.002083052	0.001451625	0.001281272	0.001449438	0.001740327];



LP_Wlb_mat = [0.275695204	0.266468247	0.262611545	0.258619737	0.255732753
0.277792356	0.268214895	0.263978595	0.259646832	0.256540585
0.282167324	0.271889455	0.266888684	0.261862645	0.258286396
0.287473257	0.27639455	0.270512794	0.264676733	0.260522202]*1000;


LP_Eff_mat = [0.664	0.641	0.632	0.623	0.616
0.669	0.646	0.635	0.625	0.618
0.679	0.655	0.642	0.630	0.622
0.692	0.665	0.651	0.637	0.627];