

%LD 1 LowDrag
%Max Power

MP_M_rng = [0.25
0.4
0.6
0.773];

MP_h_rng = [0
10000
20000
30000
37500];

MP_Drag_mat = [-0.030404687	-0.049466608	-0.07356479	-0.113433122	-0.113699192
-0.01817258	-0.038161018	-0.063570315	-0.103104974	-0.103643302
-0.001366369	-0.022823919	-0.050710387	-0.089176247	-0.087854487
0.014014412	-0.009060603	-0.040182651	-0.076643461	-0.077944607];

MP_Wlb_mat = [751.1610343	770.1177486	774.9551684	747.2382057	735.9931777
765.1477335	783.0744352	787.2254934	758.6429045	746.7616615
792.9368428	808.6870429	811.4595605	780.5435829	784.7222539
824.597237	837.6095765	838.8074302	806.0775833	791.2431477];

MP_Eff_mat = [0.501286796	0.511676771	0.514	0.496	0.491
0.51062081	0.520285371	0.522	0.503	0.498
0.529165853	0.537302738	0.538	0.518	0.521
0.550294395	0.556519265	0.557	0.535	0.528];

