

%LD 1 LowDrag
%Max Power

MP_M_rng = [0.25
0.4
0.6
0.773];

MP_h_rng = [0
10000
20000
30000
37500];

MP_Drag_mat = [0.150761392	0.124142175	0.122206996	0.145777942	0.179886149
0.157784175	0.126746137	0.122646294	0.145043995	0.178172126
0.176295371	0.133661931	0.124427861	0.144372141	0.175601761
0.208437663	0.145254762	0.128208687	0.145035992	0.174143368];

MP_Wlb_mat = [1098.918123	1081.727908	1060.934775	1028.246018	997.2963207
1107.332977	1089.202095	1068.418828	1035.134962	1003.819477
1124.968874	1104.441238	1083.770731	1049.266128	1017.200309
1146.697823	1103.289793	1101.981115	1066.048937	1033.091988];

MP_Eff_mat = [0.470	0.462	0.453	0.439311295	0.426088242
0.473100673	0.465	0.456474861	0.44225455	0.428875217
0.480635494	0.472	0.46303386	0.448291997	0.434592089
0.490	0.488	0.470814126	0.455462341	0.441381703];

LP_Drag_mat = [0.000118224	9.73495E-05	9.58319E-05	0.000114316	0.000141063
0.000123731	9.93914E-05	9.61764E-05	0.00011374	0.000139719
0.000138247	0.000104815	9.75735E-05	0.000113213	0.000137703
0.000163452	0.000113905	0.000100538	0.000113734	0.000136559];



LP_Wlb_mat = [0.258895342	0.250230642	0.246608954	0.242860392	0.24014933
0.260864702	0.251870855	0.247892701	0.243824899	0.240907935
0.264973075	0.255321501	0.250625459	0.245905689	0.242547363
0.269955684	0.259552072	0.254028729	0.248548296	0.244646928]*1000;


LP_Eff_mat = [0.664	0.641	0.632	0.623	0.616
0.669	0.646	0.635	0.625	0.618
0.679	0.655	0.642	0.630	0.622
0.692	0.665	0.651	0.637	0.627];