

%LD 1 LowDrag
%Max Power

MP_M_rng = [0.25
0.4
0.6
0.773];

MP_h_rng = [0
10000
20000
30000
37500];

MP_Drag_mat = [-0.010134896	-0.016488869	-0.024521597	-0.037811041	-0.037899731
-0.006057527	-0.012720339	-0.021190105	-0.034368325	-0.034547767
-0.000455456	-0.007607973	-0.016903462	-0.029725416	-0.029284829
0.004671471	-0.003020201	-0.013394217	-0.02554782	-0.025981536];

MP_Wlb_mat = [250.3870114	256.7059162	258.3183895	249.0794019	245.3310592
255.0492445	261.0248117	262.4084978	252.8809682	248.9205538
264.3122809	269.5623476	270.4865202	260.1811943	261.5740846
274.8657457	279.2031922	279.6024767	268.6925278	263.7477159];

MP_Eff_mat = [0.501286796	0.511676771	0.514	0.496	0.491
0.51062081	0.520285371	0.522	0.503	0.498
0.529165853	0.537302738	0.538	0.518	0.521
0.550294395	0.556519265	0.557	0.535	0.528];

