

%LD 1 LowDrag
%Max Power

MP_M_rng = [0.25
0.4
0.6
0.773];

MP_h_rng = [0
10000
20000
30000
37500];

MP_Drag_mat = [0.150761392	0.124142175	0.122206996	0.145777942	0.179886149
0.157784175	0.126746137	0.122646294	0.145043995	0.178172126
0.176295371	0.133661931	0.124	0.144372141	0.175601761
0.208437663	0.131028324	0.128208687	0.145035992	0.174143368];

MP_Wlb_mat = [1098.918123	1081.727908	1060.934775	1028.246018	997.2963207
1107.332977	1089.202095	1068.418828	1035.134962	1003.819477
1124.968874	1104.441238	1083.770731	1049.266128	1017.200309
1146.697823	1103.289793	1101.981115	1066.048937	1033.091988];

MP_Eff_mat = [0.470	0.462	0.453	0.439311295	0.426088242
0.473100673	0.465	0.456474861	0.44225455	0.428875217
0.480635494	0.472	0.46303386	0.448291997	0.434592089
0.490	0.488	0.470814126	0.455462341	0.441381703];

